1817243387
1817243535
1817243542
1817243554
1817243581
1817243948
1817243981
1817243988
1817244020
1817244117
1817244155
1817244621
1817244684
1817244735
1817245176
1817245249
1817245371
1817245406
1817245431
1817245498
1817245546
1817245553
1817245632
1817245639
1817929101
1817929159
1817929172
1817929179
1817929388
1817929500
1817929894
1817929895
1817929999
1817930486
1817930911
1817931292
1817931307
1817931312
1817931313
1817931524
1817931685
1817931686
1817931703
1817931984
1817931678
1817932010
1817932149
1817932425
1817932428
1817932429
1817932486
1817932512
1817932513
1817932514
1817932515
1817932536
1817932537
1817932539
1817932573
1817932636
1817932655
1817932714
1817932764